111           -999        -1.612          -999       -1.6426

121           -999       -1.4778       -1.5559       -1.5225

131           -999        -1.384       -1.4308        -1.414

141           -999       -1.3451       -1.2788        -1.314

151           -999       -1.2859       -1.2902          -999

211        -1.3832       -1.2606          -999       -1.4334

221        -1.4187       -1.3125       -1.3966       -1.4082

231        -1.3795       -1.3888       -1.3933       -1.3349

241        -1.2802       -1.3368        -1.331        -1.256

251        -1.2591       -1.2137       -1.2577          -999

311        -1.1025        0.6819          -999       -1.1077

321        -1.1382       -1.0879       -0.9931       -1.1165

331        -1.3596       -1.0833       -1.3253       -1.2981

341        -1.3031       -1.2464       -1.3605       -1.2603

351         -1.164       -1.2971       -1.2336          -999

411         -1.017        4.6299          -999       -1.0218

421        -0.9169       -0.5675        -1.008       -1.0124

431        -1.0693       -1.0874       -1.0844        1.9806

441        -1.1677       -1.2238       -1.2256         -1.24

451        -1.2525       -1.2648        3.8026          -999

511        -1.0075          -999          -999       -0.9324

521        -0.9692          -999        2.8067       -0.8532

531        -1.0219          -999       -0.9833       -0.8462

541        -1.0795          -999       -1.1348       -1.0999

551        -0.0915          -999       -1.2378          -999

