111           -999       -1.1947          -999       -1.7979

121           -999       -1.6046       -1.6059       -1.6797

131           -999       -1.4251       -1.7724       -1.4035

141           -999       -0.8518       -1.6687       -1.6488

151           -999       -1.4074       -1.3811          -999

211        -1.6055       -0.3644          -999       -1.6126

221        -1.7957       -1.2174       -1.2032       -1.4223

231         -1.698       -0.9663        -1.612        -0.863

241        -1.4129        0.2791         -1.42       -1.4123

251          -1.69       -0.8565       -0.8608          -999

311        -1.1959        1.2869          -999       -1.2296

321        -1.6057       -0.4373       -0.3951        -0.867

331        -1.4256       -0.2978       -1.2458        0.1032

341        -0.8306        2.9837       -0.9364       -0.8766

351        -1.4056        0.2374        -0.042          -999

411        -0.4755        4.5947          -999        -0.478

421         -1.208         0.918        1.1861       -0.2835

431        -0.9275       -0.7863       -0.4367        1.2641

441        -0.1448       -1.0065       -0.3482       -0.1504

451        -0.8511       -1.6126        3.6898          -999

511              0          -999          -999             0

521        -0.4911          -999        3.9817       -0.8855

531        -0.3108          -999        0.4838       -1.4205

541          4.404          -999       -0.8178        -1.712

551         0.3223          -999       -1.4556          -999

