110           -999        -1.086          -999        -1.141

120           -999       -1.1208        0.6677       -1.1227

130           -999       -1.1298       -1.1176       -1.0437

140           -999       -1.2301       -1.2687       -1.1981

150           -999       -1.3928       -1.3147          -999

210         2.6822       -0.7895          -999       -0.7335

220        -1.0242       -0.8812        -0.828       -1.0053

230        -1.1405       -1.2162       -1.1635       -1.1482

240        -1.3012        -1.242       -1.2101       -1.3009

250        -1.3185       -1.3276       -1.3352          -999

310        -1.2667       -1.3154          -999       -1.2504

320         -1.202       -1.1582       -1.1243       -1.2652

330         -1.321       -1.3236       -1.3119       -1.1021

340        -1.3114       -1.3116       -0.5164       -1.3646

350        -1.2716       -1.3228       -1.3743          -999

410        -1.5507       -1.5477          -999       -1.5393

420        -1.2682        -1.272       -1.3372       -1.3244

430         1.5531        -1.077       -0.9355        -1.065

440        -1.3619       -1.3726       -1.3386       -1.3156

450        -1.2702       -1.2423       -1.2303          -999

510        -1.2519          -999          -999       -1.2686

520        -1.2695          -999       -1.2543       -1.2838

530        -1.2469          -999       -1.2253       -1.2853

540        -1.4304          -999       -1.3998       -1.4168

550        -1.3914          -999       -1.4252          -999

