110           -999             0          -999             0

120           -999       -1.1359        2.8984       -1.1947

130           -999       -1.0285       -0.3952       -1.5537

140           -999        -1.335       -1.2292       -1.7295

150           -999       -1.5733       -1.5726          -999

210         1.6547        -0.765          -999       -1.2564

220        -0.4761       -0.9611       -1.1412       -0.9919

230        -1.2102       -0.7063       -1.0767       -1.1595

240        -1.5741       -0.8718       -1.1746       -1.5897

250        -1.6785       -1.2646       -1.3469          -999

310        -1.2423       -1.1032          -999       -1.1969

320        -0.7809       -0.6432       -1.4166       -0.9279

330        -0.9049       -1.0576       -1.0488       -0.6993

340        -1.3603       -1.0612       -0.3311       -1.1946

350        -1.5508       -0.9227       -0.6677          -999

410        -1.3535        -1.028          -999       -0.8566

420        -1.1489       -1.4994        1.4623       -1.1805

430        -0.9115       -1.1489       -0.6518       -1.0894

440         -1.022       -0.5097       -1.2861       -0.6741

450        -1.2009        0.9604       -1.0809          -999

510        -0.6746          -999          -999        -1.532

520         -0.619          -999       -1.7067       -1.1412

530        -1.2209          -999       -1.4789       -0.7407

540        -1.0623          -999       -1.1579       -0.6363

550        -0.9238          -999       -0.7553          -999

