110           -999             0          -999        0.0357

120           -999       -1.2677         1.678       -0.6282

130           -999        -0.729        0.7297       -1.5332

140           -999       -1.3594       -1.0271       -1.7662

150           -999       -1.6494       -1.5593          -999

210         3.0909       -1.0411          -999       -1.3011

220         0.8368       -0.5542       -1.5654       -0.9267

230        -0.6938        0.9564       -1.3031       -1.3273

240          -1.55       -0.9649       -0.5878       -1.6706

250        -1.7801       -1.3083       -1.3863          -999

310        -1.4903        1.0899          -999       -0.5872

320        -1.2619        0.8336       -0.8051       -0.2256

330        -0.5862       -1.0929       -0.8925       -0.8585

340        -1.4221       -1.1163       -0.7508       -1.3153

350        -1.6664       -0.4247        -0.895          -999

410        -0.9452       -1.5232          -999        0.7247

420        -0.3677       -1.6624        3.2122       -0.8179

430         2.0967       -1.5313        0.9038       -1.1177

440        -1.0002       -1.3003        -0.835       -0.1434

450        -1.3084        2.5156       -1.1717          -999

510         0.1809          -999          -999       -1.7087

520         1.2489          -999       -1.7992       -1.5252

530        -0.7937          -999       -1.7253       -1.3792

540        -1.1384          -999       -1.5778       -1.1819

550        -0.6493          -999       -1.1417          -999

