110           -999       -1.8028          -999       -1.8015

120           -999       -1.7889       -1.7911       -1.7766

130           -999       -1.7151       -1.7474       -1.7554

140           -999       -1.7791        -1.747       -1.7493

150           -999       -1.7971       -1.7819          -999

210        -1.7418       -1.6811          -999       -1.7285

220        -1.7168       -1.7426       -1.7222       -1.7174

230        -1.7114       -1.7638       -1.7348       -1.7393

240        -1.7452       -1.7432       -1.7601       -1.7548

250        -1.7791       -1.7832       -1.7464          -999

310        -1.7681       -1.7868          -999       -1.8006

320        -1.7837       -1.8002       -1.7982       -1.7744

330        -1.7915       -1.7937       -1.8058       -1.7948

340        -1.7766        -1.776       -1.8052       -1.8019

350        -1.7719       -1.4972       -1.7536          -999

410        -1.8507       -1.8443          -999       -1.8472

420        -1.8002       -1.8081       -1.8178       -1.7897

430        -1.7873       -1.7806       -1.7496       -1.7764

440        -0.6929       -1.7865       -1.7849        -1.762

450        -1.7529        1.5468       -1.7578          -999

510        -1.4038          -999          -999       -1.7484

520        -1.7926          -999       -1.7617       -1.7967

530        -1.7499          -999       -1.7762       -1.7624

540        -1.7604          -999       -1.7448        0.1956

550        -1.7391          -999       -1.7105          -999

