111           -999       -1.4159          -999       -1.3916

121           -999       -1.3438       -1.5029       -0.9274

131           -999       -1.3838       -0.9526       -0.8396

141           -999       -0.6849       -1.1909       -0.7737

151           -999       -1.0696         -0.51          -999

211        -1.4592         -0.62          -999       -1.4133

221        -1.2494        -1.052       -1.3788       -1.3247

231        -0.9649       -1.0108       -1.2402       -1.0584

241        -1.0066       -0.0848       -1.4083       -1.2849

251         -0.765       -0.9449       -0.9905          -999

311         -1.396        0.9746          -999       -1.2874

321        -1.1073       -0.6774       -0.6456        -1.072

331        -1.3341       -0.0109       -1.3292        -0.081

341        -0.9691         1.469       -0.8636       -0.9734

351        -1.2383       -0.1198       -0.0225          -999

411         -0.781        4.4411          -999       -0.6974

421        -1.1517       -0.0467        0.8073       -0.2047

431        -0.9724       -1.1528       -0.6843        1.2003

441        -0.1834       -0.8117       -0.3397         -0.51

451        -0.9627       -1.0484        2.0976          -999

511              0          -999          -999             0

521        -0.6435          -999        3.3163       -0.9154

531        -0.0178          -999       -0.4874       -1.1262

541         2.8184          -999       -1.0953       -1.1836

551        -0.5018          -999       -1.3478          -999

