110           -999             0          -999             0

120           -999       -0.9727        2.6627        -0.856

130           -999       -0.6431       -0.2902       -1.0478

140           -999       -0.8929       -1.1385       -1.1922

150           -999         -1.23       -1.2161          -999

210         2.7003        -0.855          -999       -0.6973

220        -0.1999       -0.1293       -0.8944       -0.4725

230        -1.0686        0.0927       -0.6869       -0.9434

240        -0.9965       -0.2393        -0.713        -1.273

250        -1.4165       -1.2181       -0.9787          -999

310        -1.0323       -0.5738          -999       -0.2182

320        -0.8213       -0.7383       -0.5427        0.5041

330        -0.2158       -0.7933       -0.2244             0

340        -0.9962       -0.9847        0.4048       -0.6409

350        -1.3437       -0.7582       -0.6269          -999

410        -1.0492       -0.4255          -999       -0.5733

420        -0.3703       -1.2105        2.5613       -1.0636

430         3.4132       -0.9017       -0.9647       -0.8581

440        -0.7954       -0.4267       -1.2115       -0.3878

450        -1.0556        2.1395       -0.8838          -999

510         1.5475          -999          -999       -1.3244

520        -0.6729          -999       -1.2694       -0.9078

530        -0.8469          -999        -1.046       -0.0999

540        -0.8605          -999       -0.8495        0.4049

550        -0.5349          -999       -0.4767          -999

