111           -999        -1.173          -999       -1.4192

121           -999       -1.1768       -1.2618       -1.2309

131           -999       -1.1594       -1.0753       -1.1587

141           -999       -1.0296       -1.1639       -1.0655

151           -999        -1.033       -1.1414          -999

211          -1.05        -0.352          -999       -1.0766

221        -1.1742       -1.0215         -1.01       -0.9796

231         -0.978       -1.0192        -0.912       -1.0295

241         -1.159       -0.9813       -0.8521       -0.9764

251        -1.1474       -0.9119        -0.909          -999

311        -0.7938        1.2851          -999       -0.5865

321        -0.8272       -0.8049        -0.715       -0.9008

331        -1.1468        1.2934       -0.9465       -0.9497

341         -1.036       -0.8823       -0.9467       -0.9774

351        -0.9562        -0.986       -0.9258          -999

411           -0.3        4.5592          -999          -0.3

421        -1.1589          -0.3        -0.345          -0.3

431        -0.6449        -0.657       -0.7335        4.5628

441        -0.8434       -0.8049       -0.9054       -0.7709

451         -0.944       -0.9996        4.5599          -999

511              0          -999          -999             0

521         -0.345          -999        1.4312        -0.345

531         -0.765          -999         -0.51        -0.345

541         2.9642          -999         -0.51        -0.686

551         1.2875          -999       -1.1046          -999

