110           -999       -1.7613          -999       -1.7849

120           -999       -1.8119       -1.7906       -1.8083

130           -999       -1.8014       -1.8195        -1.806

140           -999       -1.8224       -1.7942       -1.7932

150           -999       -1.8164       -1.8251          -999

210         0.2294       -1.6972          -999       -1.7042

220        -1.7721       -1.7522       -1.7366        -1.772

230        -1.7827       -1.1178       -1.7732       -1.7732

240           -1.8       -1.8015       -1.8156          -1.8

250        -1.8189       -1.8151        -1.823          -999

310        -1.7644       -1.8103          -999       -1.7681

320        -1.7882       -1.7884       -1.7658        -1.758

330        -1.3933       -1.7914       -1.8012       -1.8106

340        -1.8106       -1.8177        0.7227       -1.8183

350        -1.8353       -1.8329        -1.818          -999

410        -1.8479       -1.8478          -999       -1.8499

420        -1.7853       -1.7785       -1.7695       -1.7629

430        -1.0187       -1.6476       -1.5968        -1.601

440        -1.0408       -1.7904       -1.7825       -1.8038

450        -1.8355       -1.8065       -1.8066          -999

510         1.1535          -999          -999       -1.7644

520        -1.7232          -999       -1.7442       -1.7509

530        -1.7214          -999       -1.7125       -1.7448

540        -1.7872          -999       -1.7516       -1.7544

550        -1.7949          -999        -1.786          -999

