110           -999             0          -999             0

120           -999          -0.3        4.0971          -0.3

130           -999       -0.5943        0.3772       -0.7717

140           -999       -1.0453       -1.0157       -1.0218

150           -999       -1.2097       -1.2727          -999

210         3.9419          -0.3          -999          -0.3

220        -0.1436        -0.555        -0.555       -0.5775

230        -0.7931        -0.938       -0.7938       -0.7859

240         -1.094       -1.1473       -1.0267       -1.0278

250        -1.2035       -1.1269        -1.198          -999

310          -1.08       -1.0915          -999       -1.1108

320        -1.0109       -0.9657       -1.0922       -1.0353

330        -1.1651       -1.1778       -1.0687       -1.1944

340        -1.2122        -1.169        1.9455       -1.2655

350        -1.2564       -1.2666       -1.0119          -999

410        -1.4351       -1.4264          -999       -1.4558

420        -1.1814       -1.2825        -1.151       -1.2486

430         1.0904       -1.0037         -1.04       -1.0861

440        -1.4115       -0.5984       -1.4085       -1.4554

450        -1.4279       -1.3838       -1.4385          -999

510        -0.6507          -999          -999       -1.3104

520        -1.2307          -999        -1.241       -1.3097

530        -1.1922          -999       -1.1857       -0.9893

540        -1.1866          -999       -1.2431           3.3

550        -1.3904          -999       -1.3365          -999

