110           -999       -1.0147          -999       -1.1225

120           -999       -1.0696        -1.042       -1.1317

130           -999       -1.0252       -1.0083       -0.9783

140           -999       -1.0453       -1.0658       -1.0218

150           -999       -1.3158       -1.3432          -999

210        -0.9063       -0.9736          -999       -0.9857

220        -0.9458       -0.8523       -0.9179        -0.845

230        -0.9748        0.8991       -0.9423       -1.0042

240         -1.094       -1.1473       -1.1378       -1.0278

250        -1.2035       -1.2406        -1.198          -999

310        -1.2839       -1.2883          -999       -1.2414

320        -1.2128       -1.1633       -1.2508       -1.2014

330        -1.2335        -1.275       -1.3169       -1.3059

340        -1.2122        -1.169       -1.2987       -1.2655

350        -1.2564       -1.2666       -0.7165          -999

410        -1.5876       -1.5767          -999        -1.574

420        -1.3456       -1.3839        -1.446       -1.3246

430         1.7106       -1.0037         -1.04       -1.0861

440         0.4808       -1.4546       -1.4365       -1.4554

450        -1.4279       -1.4784       -1.4385          -999

510        -1.2611          -999          -999       -1.3104

520        -1.3342          -999       -1.3652       -1.3097

530        -1.1922          -999       -1.3162       -1.1887

540        -1.4736          -999       -1.4009       -1.4254

550        -1.4809          -999       -1.4769          -999

