111           -999       -1.4123          -999       -1.7956

121           -999       -1.6757       -1.6816       -1.6938

131           -999       -1.4982       -1.7551       -1.6447

141           -999       -1.2767       -1.6753       -1.6913

151           -999       -1.5085       -1.6429          -999

211        -1.6688       -0.7768          -999        -1.696

221        -1.7914       -1.3899       -1.3992       -1.6109

231        -1.6851       -1.2462       -1.6673       -1.4061

241        -1.6027       -0.4155        -1.609       -1.4864

251        -1.6456       -1.0243       -1.2438          -999

311        -1.4023        1.0295          -999       -1.3616

321        -1.5141       -0.7897       -0.6752       -1.2131

331        -1.5771       -0.1296       -1.3552       -0.4857

341        -1.2713        0.8939       -1.2354       -1.0904

351        -1.4596        0.1566       -0.3591          -999

411        -0.9486        4.6317          -999       -0.9289

421         -1.379        0.7007        0.0956        -0.387

431        -0.8665       -0.9657       -0.8937        3.6381

441        -0.2806       -0.9523       -0.4601       -0.1582

451        -0.9577       -1.1601        3.8154          -999

511              0          -999          -999             0

521        -0.8963          -999        4.2367       -0.8739

531        -0.2639          -999        0.4933       -1.4208

541         3.2072          -999       -0.9522       -1.2972

551         0.2108          -999       -1.4442          -999

