110           -999             0          -999             0

120           -999       -1.0426         3.663       -0.9136

130           -999       -1.0702        0.4029       -1.4348

140           -999       -1.2789       -0.8904       -1.6872

150           -999       -1.5476       -1.4924          -999

210          4.578       -1.0251          -999       -0.8075

220         0.3868       -0.2952       -1.3475       -0.9447

230        -0.8979       -0.5289       -1.0584       -1.2888

240        -1.4755       -0.4978       -1.1412       -1.5243

250        -1.6577       -0.9351       -1.2507          -999

310        -1.3374       -0.7866          -999       -0.4884

320        -1.0311        0.6353       -1.0537        1.2495

330        -1.1141       -0.8764       -0.4967        -0.316

340        -1.3449       -1.0832        0.4483       -0.9493

350        -1.4972         0.183       -0.5362          -999

410        -1.1691       -1.6873          -999        0.7972

420        -0.6993       -1.5069        4.8608       -0.9972

430        -0.5457       -1.1504        0.4319       -1.0255

440        -0.2426       -0.1204       -1.0341        -0.036

450        -1.0391        3.4013       -0.9798          -999

510         0.8494          -999          -999       -1.5441

520         1.3166          -999       -1.7474       -1.1197

530        -0.9156          -999       -1.5182       -0.1551

540        -0.9963          -999       -1.1172        2.4039

550        -0.3178          -999        -0.251          -999

