111           -999       -1.1757          -999       -1.8066

121           -999        -1.611       -1.5954       -1.7371

131           -999        -1.458       -1.8031       -1.5453

141           -999       -1.0521       -1.7395       -1.7275

151           -999       -1.4836        -1.572          -999

211        -1.5981       -0.3449          -999       -1.6091

221        -1.8102       -1.1805       -1.2014       -1.4778

231        -1.7429       -0.8595       -1.6265       -0.9036

241        -1.6055        0.2111       -1.4362       -1.4476

251        -1.7321       -0.9287       -1.0122          -999

311        -1.2025        1.3193          -999        -1.177

321        -1.5966       -0.3598       -0.3482       -0.8898

331        -1.5267       -0.7656       -1.1809        -0.167

341        -0.9468        0.1167       -0.9105        -0.987

351        -1.4423       -0.2375        0.1063          -999

411        -0.3545        4.6334          -999       -0.4458

421        -1.1851        1.2468        1.3047       -0.6883

431        -0.9129       -0.3965       -0.3747       -0.5125

441         0.0555       -1.2593       -1.0019       -0.0265

451        -0.9712       -1.6386        0.5005          -999

511              0          -999          -999             0

521        -0.3702          -999        4.5669        -0.446

531        -1.0004          -999        1.2663       -1.2868

541         -0.528          -999       -0.4509       -1.6829

551        -0.4401          -999       -1.3339          -999

