110           -999             0          -999             0

120           -999          -0.3        4.3863          -0.3

130           -999       -0.5943        0.6039       -0.7717

140           -999       -1.0453       -1.0157       -1.0218

150           -999       -1.3158       -1.2727          -999

210         4.3103          -0.3          -999          -0.3

220         0.2141        -0.555        -0.555       -0.5775

230        -0.7986        -0.938       -0.7938       -1.0042

240         -1.094       -1.1473       -1.1378       -1.0278

250        -1.2035       -1.2406        -1.198          -999

310        -1.1157       -1.2883          -999       -1.1108

320        -1.0909       -1.1633       -1.0922       -1.2014

330        -1.2335       -1.1778       -1.2034       -1.1944

340        -1.2122        -1.169        2.0238       -1.2655

350        -1.2564       -1.2666       -0.7165          -999

410        -1.5107       -1.4951          -999       -1.4966

420        -1.3456       -1.2825       -1.3064       -1.3246

430         3.1283       -1.0037         -1.04       -1.0861

440        -0.3687       -1.4546       -1.4365       -1.4554

450        -1.4279       -1.4784       -1.4385          -999

510        -0.7985          -999          -999       -1.3104

520        -1.3342          -999        -1.241       -1.3097

530        -1.1922          -999       -1.3162       -1.1887

540        -1.4736          -999       -1.4009       -1.4254

550        -1.4809          -999       -1.4769          -999

